0 0.235619 0.116723
1 0.392699 0.191342
2 0.549779 0.261249
3 0.706858 0.324724
4 0.863938 0.380203
5 1.02102 0.42632
6 1.1781 0.46194
7 1.33518 0.486185
8 1.49226 0.498459
9 1.64934 0.498459
10 1.80642 0.486185
11 1.9635 0.46194
12 2.12057 0.42632
13 2.27765 0.380203
14 2.43473 0.324724
15 2.59181 0.261249
16 2.74889 0.191342
17 2.90597 0.116723
18 3.06305 0.0392295
19 3.22013 -0.0392295
20 3.37721 -0.116723
21 3.53429 -0.191342
22 3.69137 -0.261249
23 3.84845 -0.324724
24 4.00553 -0.380203
25 4.16261 -0.42632
26 4.31969 -0.46194
27 4.47677 -0.486185
28 4.63385 -0.498459
29 4.79093 -0.498459
30 4.94801 -0.486185
31 5.10509 -0.46194
32 5.26217 -0.42632
33 5.41925 -0.380203
